     2              NAVIGATION DATA                         RINEX VERSION / TYPE
CCRINEXN V1.6.0 UX  CDDIS               21-MAY-18 23:30     PGM / RUN BY / DATE
IGS BROADCAST EPHEMERIS FILE                                COMMENT
    0.7451D-08  0.2235D-07 -0.5960D-07 -0.1192D-06          ION ALPHA
    0.8602D+05  0.8192D+05 -0.1311D+06 -0.5243D+06          ION BETA
   -0.931322574615D-09 0.000000000000D+00   319488     2002 DELTA-UTC: A0,A1,T,W
    18                                                      LEAP SECONDS
                                                            END OF HEADER 
 1 18  5 21 20  0  0.0-0.496576540172D-04-0.295585778076D-11 0.000000000000D+00
    0.670000000000D+02-0.769687500000D+02 0.457590498826D-08 0.539554813824D+00
   -0.379793345928D-05 0.778754206840D-02 0.499375164509D-05 0.515366921806D+04
    0.158400000000D+06-0.558793544769D-08-0.262256456852D+01 0.135973095894D-06
    0.971345799331D+00 0.285000000000D+03 0.625497219178D+00-0.835284819090D-08
   -0.278225886774D-09 0.100000000000D+01 0.200200000000D+04 0.000000000000D+00
    0.280000000000D+01 0.000000000000D+00 0.558793544769D-08 0.670000000000D+02
    0.151230000000D+06 0.000000000000D+00 0.000000000000D+00 0.000000000000D+00
 2 18  5 21 20  0  0.0 0.108757987618D-03-0.111413100967D-10 0.000000000000D+00
    0.650000000000D+02-0.618125000000D+02 0.507521140293D-08 0.873736710070D+00
   -0.330060720444D-05 0.178789964411D-01 0.505335628986D-05 0.515373815918D+04
    0.158400000000D+06-0.229105353355D-06-0.268355774283D+01-0.186264514923D-07
    0.950430330815D+00 0.284937500000D+03-0.185669416857D+01-0.872286334227D-08
   -0.262153776900D-09 0.100000000000D+01 0.200200000000D+04 0.000000000000D+00
    0.200000000000D+01 0.000000000000D+00-0.204890966415D-07 0.650000000000D+02
    0.151200000000D+06 0.000000000000D+00 0.000000000000D+00 0.000000000000D+00
 3 18  5 21 20  0  0.0 0.747400335967D-04 0.716227077646D-11 0.000000000000D+00
    0.660000000000D+02-0.594062500000D+02 0.440839809102D-08-0.329638453050D+00
   -0.320561230183D-05 0.138301122934D-02 0.111777335405D-04 0.515375833130D+04
    0.158400000000D+06 0.298023223877D-07-0.157968790777D+01 0.540167093277D-07
    0.960645211895D+00 0.161875000000D+03 0.425064132690D+00-0.795140220333D-08
   -0.892894352206D-11 0.100000000000D+01 0.200200000000D+04 0.000000000000D+00
    0.200000000000D+01 0.000000000000D+00 0.232830643654D-08 0.660000000000D+02
    0.151230000000D+06 0.000000000000D+00 0.000000000000D+00 0.000000000000D+00
 4 18  5 21 20  0  0.0 0.629005953670D-04 0.329691829393D-11 0.000000000000D+00
    0.670000000000D+02 0.514062500000D+02 0.534772275412D-08-0.235973490994D+01
    0.240653753281D-05 0.985868612770D-02 0.854767858982D-05 0.515370107651D+04
    0.158400000000D+06 0.167638063431D-06 0.158953126764D+01-0.670552253723D-07
    0.978914915530D+00 0.223093750000D+03 0.926777883013D+00-0.772853621027D-08
    0.325013538118D-10 0.100000000000D+01 0.200200000000D+04 0.000000000000D+00
    0.280000000000D+01 0.630000000000D+02-0.195577740669D-07 0.670000000000D+02
    0.155490000000D+06 0.000000000000D+00 0.000000000000D+00 0.000000000000D+00
 5 18  5 21 20  0  0.0-0.752462074161D-05 0.682121026330D-12 0.000000000000D+00
    0.500000000000D+02-0.574375000000D+02 0.464590780642D-08-0.274378093214D+01
   -0.295415520668D-05 0.536487693898D-02 0.100135803223D-04 0.515370768166D+04
    0.158400000000D+06 0.149011611938D-07-0.160144441082D+01-0.931322574616D-08
    0.947544075368D+00 0.180593750000D+03 0.609497800556D+00-0.795497421375D-08
    0.775032283206D-10 0.100000000000D+01 0.200200000000D+04 0.000000000000D+00
    0.200000000000D+01 0.000000000000D+00-0.111758708954D-07 0.500000000000D+02
    0.151218000000D+06 0.400000000000D+01 0.000000000000D+00 0.000000000000D+00
 6 18  5 21 20  0  0.0 0.401886180043D-03-0.261479726760D-11 0.000000000000D+00
    0.370000000000D+02-0.737187500000D+02 0.443697034669D-08 0.685568327918D+00
   -0.393390655518D-05 0.118597608525D-02 0.501796603203D-05 0.515362765694D+04
    0.158400000000D+06 0.651925802231D-07-0.263089176448D+01 0.372529029846D-08
    0.971067875618D+00 0.290187500000D+03-0.106783980855D+01-0.817784062690D-08
   -0.216794748820D-09 0.100000000000D+01 0.200200000000D+04 0.000000000000D+00
    0.200000000000D+01 0.000000000000D+00 0.465661287308D-08 0.370000000000D+02
    0.155070000000D+06 0.000000000000D+00 0.000000000000D+00 0.000000000000D+00
 7 18  5 21 20  0  0.0 0.188126228750D-03-0.613908923697D-11 0.000000000000D+00
    0.890000000000D+02 0.117812500000D+02 0.483341544566D-08-0.148131863361D+00
    0.754371285439D-06 0.116056068800D-01 0.673718750477D-05 0.515365851784D+04
    0.158400000000D+06 0.108033418655D-06 0.531688472170D+00 0.150874257088D-06
    0.958902023581D+00 0.249968750000D+03-0.253235003569D+01-0.837284908073D-08
   -0.198579694355D-09 0.100000000000D+01 0.200200000000D+04 0.000000000000D+00
    0.280000000000D+01 0.000000000000D+00-0.111758708954D-07 0.890000000000D+02
    0.151230000000D+06 0.000000000000D+00 0.000000000000D+00 0.000000000000D+00
 9 18  5 21 20  0  0.0 0.514081679285D-03 0.568434188608D-12 0.000000000000D+00
    0.840000000000D+02 0.322812500000D+02 0.471698236026D-08 0.288285536350D+01
    0.176951289177D-05 0.943029765040D-03 0.824965536594D-05 0.515361695480D+04
    0.158400000000D+06-0.447034835815D-07-0.545658210455D+00-0.149011611938D-07
    0.952840301097D+00 0.216531250000D+03 0.185403081649D+01-0.804604916027D-08
    0.265368199637D-09 0.100000000000D+01 0.200200000000D+04 0.000000000000D+00
    0.200000000000D+01 0.000000000000D+00 0.931322574616D-09 0.840000000000D+02
    0.151230000000D+06 0.000000000000D+00 0.000000000000D+00 0.000000000000D+00
10 18  5 21 20  0  0.0 0.185767188668D-03 0.159161572810D-11 0.000000000000D+00
    0.390000000000D+02-0.415000000000D+02 0.428374986395D-08-0.157445959655D+01
   -0.222772359848D-05 0.352009641938D-02 0.105835497379D-04 0.515366639519D+04
    0.158400000000D+06-0.465661287308D-07-0.158314764027D+01-0.160187482834D-06
    0.960740908681D+00 0.177843750000D+03-0.274328490782D+01-0.778496713227D-08
    0.328585115460D-10 0.100000000000D+01 0.200200000000D+04 0.000000000000D+00
    0.200000000000D+01 0.000000000000D+00 0.186264514923D-08 0.390000000000D+02
    0.151200000000D+06 0.400000000000D+01 0.000000000000D+00 0.000000000000D+00
11 18  5 21 20  0  0.0-0.735819805413D-03 0.795807864051D-12 0.000000000000D+00
    0.102000000000D+03-0.305312500000D+02 0.628526164448D-08-0.154579845957D+00
   -0.140629708767D-05 0.168150458485D-01 0.328011810780D-05 0.515362990951D+04
    0.158400000000D+06-0.257045030594D-06-0.304898183461D+01-0.409781932831D-07
    0.905544613099D+00 0.287843750000D+03 0.176077525732D+01-0.944967926131D-08
    0.200008325873D-10 0.100000000000D+01 0.200200000000D+04 0.000000000000D+00
    0.200000000000D+01 0.000000000000D+00-0.121071934700D-07 0.102000000000D+03
    0.151230000000D+06 0.000000000000D+00 0.000000000000D+00 0.000000000000D+00
12 18  5 21 20  0  0.0 0.332319643348D-03-0.238742359215D-11 0.000000000000D+00
    0.410000000000D+02 0.449375000000D+02 0.398945189097D-08-0.746481657615D+00
    0.255368649960D-05 0.720842578448D-02 0.895000994205D-05 0.515359330559D+04
    0.158400000000D+06 0.260770320892D-07 0.162433118339D+01 0.132247805595D-06
    0.986446775593D+00 0.226218750000D+03 0.982265189574D+00-0.785497004817D-08
   -0.135719938994D-10 0.100000000000D+01 0.200200000000D+04 0.000000000000D+00
    0.200000000000D+01 0.000000000000D+00-0.125728547573D-07 0.410000000000D+02
    0.152322000000D+06 0.400000000000D+01 0.000000000000D+00 0.000000000000D+00
13 18  5 21 20  0  0.0-0.942689366639D-04 0.341060513165D-12 0.000000000000D+00
    0.350000000000D+02 0.363437500000D+02 0.444732810621D-08 0.133512759587D+01
    0.192411243916D-05 0.338631914929D-02 0.749342143536D-05 0.515365663338D+04
    0.158400000000D+06-0.447034835815D-07-0.414087540888D+00-0.931322574615D-07
    0.968668079931D+00 0.238000000000D+03 0.157935111038D+01-0.803712049261D-08
    0.266796827444D-09 0.100000000000D+01 0.200200000000D+04 0.000000000000D+00
    0.200000000000D+01 0.000000000000D+00-0.111758708954D-07 0.350000000000D+02
    0.151218000000D+06 0.400000000000D+01 0.000000000000D+00 0.000000000000D+00
14 18  5 21 20  0  0.0-0.970121473074D-04-0.227373675443D-12 0.000000000000D+00
    0.390000000000D+02 0.328750000000D+02 0.453126017375D-08 0.234041402067D+01
    0.170990824699D-05 0.986693403684D-02 0.766664743424D-05 0.515358196068D+04
    0.158400000000D+06 0.115483999252D-06-0.455926155314D+00-0.137835741043D-06
    0.961191291418D+00 0.230375000000D+03-0.195239997654D+01-0.791461538978D-08
    0.271439877989D-09 0.100000000000D+01 0.200200000000D+04 0.000000000000D+00
    0.200000000000D+01 0.000000000000D+00-0.977888703346D-08 0.390000000000D+02
    0.151200000000D+06 0.400000000000D+01 0.000000000000D+00 0.000000000000D+00
15 18  5 21 20  0  0.0-0.353887211531D-03 0.568434188608D-12 0.000000000000D+00
    0.400000000000D+02 0.303437500000D+02 0.534022244170D-08 0.184134718215D+01
    0.154972076416D-05 0.102562434040D-01 0.817514955998D-05 0.515374174690D+04
    0.158400000000D+06-0.251457095146D-06-0.616232567760D+00-0.372529029846D-08
    0.928332188122D+00 0.206781250000D+03 0.677064054504D+00-0.848106755622D-08
    0.211794536378D-09 0.100000000000D+01 0.200200000000D+04 0.000000000000D+00
    0.200000000000D+01 0.000000000000D+00-0.111758708954D-07 0.400000000000D+02
    0.151218000000D+06 0.400000000000D+01 0.000000000000D+00 0.000000000000D+00
16 18  5 21 20  0  0.0 0.240732915699D-04-0.125055521494D-11 0.000000000000D+00
    0.660000000000D+02 0.606250000000D+02 0.383765996759D-08-0.263846269616D+01
    0.284798443317D-05 0.100326145766D-01 0.968948006630D-05 0.515364210510D+04
    0.158400000000D+06-0.223517417908D-07 0.164323928545D+01-0.234693288803D-06
    0.986872316519D+00 0.208375000000D+03 0.515722450504D+00-0.765281882309D-08
   -0.125005205839D-10 0.100000000000D+01 0.200200000000D+04 0.000000000000D+00
    0.280000000000D+01 0.000000000000D+00-0.107102096081D-07 0.660000000000D+02
    0.151230000000D+06 0.000000000000D+00 0.000000000000D+00 0.000000000000D+00
17 18  5 21 20  0  0.0-0.958628952503D-04 0.352429196937D-11 0.000000000000D+00
    0.350000000000D+02 0.377500000000D+02 0.418946033420D-08 0.259549112337D+01
    0.189803540707D-05 0.123545939568D-01 0.493042171001D-05 0.515356188965D+04
    0.158400000000D+06 0.428408384323D-07 0.265866025665D+01-0.214204192162D-06
    0.982843124138D+00 0.290500000000D+03-0.177790284180D+01-0.788389975526D-08
    0.107147318795D-09 0.100000000000D+01 0.200200000000D+04 0.000000000000D+00
    0.200000000000D+01 0.000000000000D+00-0.111758708954D-07 0.350000000000D+02
    0.152040000000D+06 0.000000000000D+00 0.000000000000D+00 0.000000000000D+00
18 18  5 21 20  0  0.0 0.119125470519D-04 0.477484718431D-11 0.000000000000D+00
    0.100000000000D+02-0.700937500000D+02 0.510378406204D-08 0.263075834050D+00
   -0.347755849361D-05 0.145277797710D-01 0.514835119247D-05 0.515365617943D+04
    0.158400000000D+06-0.197440385819D-06-0.266956588376D+01 0.968575477600D-07
    0.949733158187D+00 0.275031250000D+03 0.130411746449D+01-0.877179395786D-08
   -0.238938535624D-09 0.100000000000D+01 0.200200000000D+04 0.000000000000D+00
    0.200000000000D+01 0.000000000000D+00-0.698491930962D-08 0.100000000000D+02
    0.151230000000D+06 0.000000000000D+00 0.000000000000D+00 0.000000000000D+00
19 18  5 21 20  0  0.0-0.434589572251D-03 0.295585778076D-11 0.000000000000D+00
    0.650000000000D+02 0.325312500000D+02 0.438375424849D-08-0.716299865565D+00
    0.187754631042D-05 0.987748103216D-02 0.530481338501D-05 0.515371232987D+04
    0.158400000000D+06-0.147148966789D-06 0.270565324934D+01 0.128522515297D-06
    0.980378080842D+00 0.288906250000D+03 0.118293704624D+01-0.826605894844D-08
    0.162506771928D-09 0.100000000000D+01 0.200200000000D+04 0.000000000000D+00
    0.200000000000D+01 0.000000000000D+00-0.153668224812D-07 0.650000000000D+02
    0.156660000000D+06 0.000000000000D+00 0.000000000000D+00 0.000000000000D+00
20 18  5 21 20  0  0.0 0.508707948029D-03 0.909494701773D-12 0.000000000000D+00
    0.380000000000D+02-0.539687500000D+02 0.513164232493D-08 0.766704115504D+00
   -0.305473804474D-05 0.425215519499D-02 0.100750476122D-04 0.515484366035D+04
    0.158400000000D+06 0.484287738800D-07-0.168902305201D+01-0.912696123123D-07
    0.928005584346D+00 0.172843750000D+03 0.194621243579D+01-0.833856162028D-08
   -0.896465912832D-10 0.100000000000D+01 0.200200000000D+04 0.000000000000D+00
    0.200000000000D+01 0.000000000000D+00-0.838190317154D-08 0.380000000000D+02
    0.151200000000D+06 0.400000000000D+01 0.000000000000D+00 0.000000000000D+00
21 18  5 21 20  0  0.0-0.392060261220D-03 0.500222085975D-11 0.000000000000D+00
    0.480000000000D+02-0.658125000000D+02 0.515414326218D-08-0.126685740476D+01
   -0.312924385071D-05 0.244090857450D-01 0.558048486710D-05 0.515370409584D+04
    0.158400000000D+06-0.363215804100D-06-0.267663563433D+01 0.501051545143D-06
    0.943977191433D+00 0.262812500000D+03-0.155689481316D+01-0.869714798541D-08
   -0.187150652719D-09 0.100000000000D+01 0.200200000000D+04 0.000000000000D+00
    0.200000000000D+01 0.000000000000D+00-0.102445483208D-07 0.480000000000D+02
    0.151200000000D+06 0.400000000000D+01 0.000000000000D+00 0.000000000000D+00
22 18  5 21 20  0  0.0-0.399505719542D-03-0.129602995003D-10 0.000000000000D+00
    0.750000000000D+02-0.681250000000D+02 0.519200193949D-08 0.204056216990D+01
   -0.364519655704D-05 0.738363375422D-02 0.105183571577D-04 0.515381221008D+04
    0.158400000000D+06 0.126659870148D-06-0.163906799253D+01-0.521540641785D-07
    0.924734085515D+00 0.152281250000D+03-0.153937849185D+01-0.822819945512D-08
   -0.135719942229D-10 0.100000000000D+01 0.200200000000D+04 0.000000000000D+00
    0.200000000000D+01 0.000000000000D+00-0.176951289177D-07 0.750000000000D+02
    0.151230000000D+06 0.000000000000D+00 0.000000000000D+00 0.000000000000D+00
23 18  5 21 20  0  0.0-0.216823536903D-03 0.454747350886D-12 0.000000000000D+00
    0.470000000000D+02 0.307812500000D+02 0.503520958262D-08 0.139681430306D+01
    0.168196856976D-05 0.125069804490D-01 0.847131013870D-05 0.515379258919D+04
    0.158400000000D+06-0.169500708580D-06-0.547233730801D+00 0.484287738800D-07
    0.943662782543D+00 0.210781250000D+03-0.236346560559D+01-0.836070501720D-08
    0.134291314180D-09 0.100000000000D+01 0.200200000000D+04 0.000000000000D+00
    0.200000000000D+01 0.000000000000D+00-0.200234353542D-07 0.470000000000D+02
    0.151230000000D+06 0.000000000000D+00 0.000000000000D+00 0.000000000000D+00
25 18  5 21 20  0  0.0-0.588671769947D-03-0.591171556152D-11 0.000000000000D+00
    0.420000000000D+02 0.396562500000D+02 0.419053169532D-08-0.121387221915D+01
    0.221282243729D-05 0.749764638022D-02 0.838935375214D-05 0.515364946938D+04
    0.158400000000D+06 0.165775418282D-06 0.156461344690D+01 0.875443220139D-07
    0.974098000280D+00 0.225875000000D+03 0.860620416249D+00-0.790711507737D-08
   -0.364300888880D-10 0.100000000000D+01 0.200200000000D+04 0.000000000000D+00
    0.200000000000D+01 0.000000000000D+00 0.605359673500D-08 0.420000000000D+02
    0.156642000000D+06 0.400000000000D+01 0.000000000000D+00 0.000000000000D+00
26 18  5 21 20  0  0.0-0.141657888889D-03 0.126192389871D-10 0.000000000000D+00
    0.890000000000D+02 0.463125000000D+02 0.462019244956D-08-0.175265123143D+01
    0.212714076042D-05 0.278758280911D-02 0.874511897564D-05 0.515366263390D+04
    0.158400000000D+06 0.447034835815D-07 0.154274828122D+01-0.689178705216D-07
    0.955642899574D+00 0.208750000000D+03 0.128714635081D+00-0.810962351266D-08
   -0.571452374714D-10 0.100000000000D+01 0.200200000000D+04 0.000000000000D+00
    0.200000000000D+01 0.000000000000D+00 0.745058059692D-08 0.890000000000D+02
    0.151200000000D+06 0.400000000000D+01 0.000000000000D+00 0.000000000000D+00
27 18  5 21 20  0  0.0 0.368519686163D-03-0.102318153950D-11 0.000000000000D+00
    0.410000000000D+02 0.417500000000D+02 0.434446667876D-08 0.272324021642D+01
    0.211596488953D-05 0.594313419424D-02 0.492110848427D-05 0.515368642235D+04
    0.158400000000D+06-0.689178705216D-07 0.260464511527D+01-0.912696123123D-07
    0.977545653466D+00 0.294312500000D+03 0.418546123132D+00-0.807319342377D-08
    0.228938107620D-09 0.100000000000D+01 0.200200000000D+04 0.000000000000D+00
    0.200000000000D+01 0.000000000000D+00 0.139698386192D-08 0.410000000000D+02
    0.151200000000D+06 0.400000000000D+01 0.000000000000D+00 0.000000000000D+00
28 18  5 21 20  0  0.0 0.717142596841D-03 0.318323145621D-11 0.000000000000D+00
    0.900000000000D+01 0.485937500000D+02 0.377015707542D-08-0.268359826127D+01
    0.250525772572D-05 0.194783406332D-01 0.984594225883D-05 0.515368661308D+04
    0.158400000000D+06 0.212341547012D-06 0.164749000898D+01 0.167638063431D-06
    0.985744569064D+00 0.195656250000D+03-0.152070098079D+01-0.741745198596D-08
    0.392873511501D-10 0.100000000000D+01 0.200200000000D+04 0.000000000000D+00
    0.200000000000D+01 0.000000000000D+00-0.111758708954D-07 0.900000000000D+01
    0.151230000000D+06 0.000000000000D+00 0.000000000000D+00 0.000000000000D+00
29 18  5 21 20  0  0.0 0.446098856628D-03-0.648014975013D-11 0.000000000000D+00
    0.330000000000D+02 0.256562500000D+02 0.425910598029D-08-0.255262116925D+01
    0.149011611939D-05 0.762581825256D-03 0.487267971039D-05 0.515369595337D+04
    0.158400000000D+06 0.109896063805D-06 0.266925150559D+01 0.484287738800D-07
    0.984124946126D+00 0.298281250000D+03 0.112121543967D+01-0.812069540242D-08
    0.171435712414D-09 0.100000000000D+01 0.200200000000D+04 0.000000000000D+00
    0.200000000000D+01 0.000000000000D+00-0.102445483208D-07 0.330000000000D+02
    0.151230000000D+06 0.400000000000D+01 0.000000000000D+00 0.000000000000D+00
30 18  5 21 20  0  0.0 0.715684145689D-04-0.432009983342D-11 0.000000000000D+00
    0.650000000000D+02 0.815625000000D+01 0.507735453681D-08-0.465312591737D-01
    0.476837158203D-06 0.340796960518D-02 0.662356615067D-05 0.515373171234D+04
    0.158400000000D+06 0.763684511185D-07 0.565347104085D+00 0.111758708954D-07
    0.944490501592D+00 0.242218750000D+03-0.308787639808D+01-0.840213587594D-08
   -0.210008746504D-09 0.100000000000D+01 0.200200000000D+04 0.000000000000D+00
    0.200000000000D+01 0.000000000000D+00 0.372529029846D-08 0.650000000000D+02
    0.151230000000D+06 0.000000000000D+00 0.000000000000D+00 0.000000000000D+00
31 18  5 21 20  0  0.0 0.120062381029D-03-0.261479726760D-11 0.000000000000D+00
    0.510000000000D+02 0.117187500000D+02 0.461233497941D-08-0.336421828634D+00
    0.694766640663D-06 0.874250580091D-02 0.695139169693D-05 0.515365942573D+04
    0.158400000000D+06 0.106170773506D-06 0.544159959978D+00-0.447034835815D-07
    0.963548694665D+00 0.241468750000D+03-0.129373682602D+00-0.820998483596D-08
   -0.186436337250D-09 0.100000000000D+01 0.200200000000D+04 0.000000000000D+00
    0.200000000000D+01 0.000000000000D+00-0.135041773319D-07 0.510000000000D+02
    0.152580000000D+06 0.400000000000D+01 0.000000000000D+00 0.000000000000D+00
32 18  5 21 20  0  0.0-0.506297685206D-03 0.534328137292D-11 0.000000000000D+00
    0.390000000000D+02 0.351875000000D+02 0.459626288137D-08-0.285692821268D+01
    0.187568366528D-05 0.211635651067D-02 0.798888504505D-05 0.515366262245D+04
    0.158400000000D+06 0.745058059692D-08-0.540724608470D+00 0.502914190292D-07
    0.957225431687D+00 0.224468750000D+03-0.256314710036D+01-0.802819154926D-08
    0.307512809143D-09 0.100000000000D+01 0.200200000000D+04 0.000000000000D+00
    0.200000000000D+01 0.000000000000D+00 0.465661287308D-09 0.390000000000D+02
    0.151230000000D+06 0.400000000000D+01 0.000000000000D+00 0.000000000000D+00 
